Begin Transform
transformation        values       sigmas
 translation_x -1.326955e-02 3.118062e-04
 translation_y -5.777176e-02 2.197536e-04
 translation_z -6.510993e-02 2.098147e-04
       scale_x  3.188823e-11 3.657352e-11
       scale_y  3.188823e-11          NaN
       scale_z  3.188823e-11          NaN
    rotation_x -1.031169e-09 4.213803e-11
    rotation_y -8.234625e-09 4.560316e-11
    rotation_z -1.768344e-08 4.133956e-11

End Transform
---
Begin Frame
Station_Name      X_frame1  X_sigma_frame1     Y_frame1  Y_sigma_frame1      Z_frame1  Z_sigma_frame1      X_frame2  X_sigma_frame2      Y_frame2  Y_sigma_frame2      Z_frame2  Z_sigma_frame2  X_transformed  Y_tranformed  Z_transformed
        AGGO  2.765117e+06        0.008348 -4.449234e+06        0.010081 -3.626420e+06        0.008543  2.765117e+06        0.008348 -4.449234e+06        0.010081 -3.626421e+06        0.008543   2.765117e+06 -4.449234e+06 -3.626420e+06
        AIRA -3.530220e+06        0.002059  4.118797e+06        0.001306  3.344016e+06        0.001410 -3.530220e+06        0.002059  4.118797e+06        0.001306  3.344016e+06        0.001410  -3.530220e+06  4.118797e+06  3.344016e+06
    ALGOPARK  9.180346e+05        0.001544 -4.346132e+06        0.001035  4.561971e+06        0.001056  9.180345e+05        0.001544 -4.346132e+06        0.001035  4.561971e+06        0.001056   9.180346e+05 -4.346132e+06  4.561971e+06
    AUSTINTX -7.377936e+05        0.004265 -5.459892e+06        0.018227  3.202990e+06        0.010653 -7.377937e+05        0.004265 -5.459892e+06        0.018227  3.202990e+06        0.010653  -7.377936e+05 -5.459892e+06  3.202990e+06
      AZORES  4.552175e+06        0.007571 -2.186665e+06        0.004229  3.882780e+06        0.006671  4.552175e+06        0.007571 -2.186665e+06        0.004229  3.882780e+06        0.006671   4.552175e+06 -2.186665e+06  3.882780e+06
      BADARY -8.382011e+05        0.001829  3.865752e+06        0.000934  4.987671e+06        0.001050 -8.382011e+05        0.001829  3.865752e+06        0.000934  4.987671e+06        0.001050  -8.382011e+05  3.865752e+06  4.987671e+06
     BERMUDA  2.307210e+06        0.009287 -4.874216e+06        0.031837  3.394318e+06        0.021971  2.307210e+06        0.009287 -4.874216e+06        0.031837  3.394318e+06        0.021971   2.307210e+06 -4.874216e+06  3.394318e+06
    BLKBUTTE -2.306307e+06        0.096411 -4.787914e+06        0.095686  3.515736e+06        0.138569 -2.306307e+06        0.096411 -4.787914e+06        0.095686  3.515736e+06        0.138569  -2.306307e+06 -4.787914e+06  3.515736e+06
    BLOOMIND  3.023846e+05        0.022351 -4.941699e+06        0.049567  4.007908e+06        0.039153  3.023845e+05        0.022351 -4.941699e+06        0.049567  4.007908e+06        0.039153   3.023846e+05 -4.941699e+06  4.007908e+06
     BR-VLBA -2.112065e+06        0.001540 -3.705357e+06        0.000976  4.726814e+06        0.000992 -2.112065e+06        0.001540 -3.705357e+06        0.000976  4.726814e+06        0.000992  -2.112065e+06 -3.705357e+06  4.726814e+06
       BREST  4.228877e+06        0.013107 -3.331042e+05        0.002747  4.747181e+06        0.013086  4.228877e+06        0.013107 -3.331043e+05        0.002747  4.747181e+06        0.013086   4.228877e+06 -3.331042e+05  4.747181e+06
    CARNUSTY  3.526416e+06        0.015542 -1.714211e+05        0.004728  5.294099e+06        0.021715  3.526416e+06        0.015542 -1.714212e+05        0.004728  5.294099e+06        0.021715   3.526416e+06 -1.714211e+05  5.294099e+06
    CARROLGA  4.535208e+05        0.010136 -5.300507e+06        0.037613  3.507207e+06        0.022203  4.535207e+05        0.010136 -5.300507e+06        0.037613  3.507207e+06        0.022203   4.535208e+05 -5.300507e+06  3.507207e+06
    CHICHI10 -4.490618e+06        0.002572  3.483909e+06        0.001789  2.884899e+06        0.001722 -4.490618e+06        0.002572  3.483909e+06        0.001789  2.884899e+06        0.001723  -4.490618e+06  3.483909e+06  2.884899e+06
    CHLBOLTN  4.008310e+06        0.006473 -1.006509e+05        0.002984  4.943795e+06        0.007967  4.008310e+06        0.006473 -1.006510e+05        0.002984  4.943795e+06        0.007967   4.008310e+06 -1.006509e+05  4.943795e+06
      CRIMEA  3.785231e+06        0.002142  2.551208e+06        0.001252  4.439797e+06        0.001630  3.785231e+06        0.002142  2.551208e+06        0.001252  4.439797e+06        0.001630   3.785231e+06  2.551208e+06  4.439797e+06
    CTVASBAY  1.091445e+06        0.002055 -4.351283e+06        0.004932  4.518707e+06        0.004743  1.091445e+06        0.002055 -4.351284e+06        0.004932  4.518707e+06        0.004743   1.091445e+06 -4.351283e+06  4.518707e+06
     CTVASTJ  2.612546e+06        0.008111 -3.426879e+06        0.007631  4.686756e+06        0.006850  2.612545e+06        0.008111 -3.426879e+06        0.007631  4.686756e+06        0.006850   2.612546e+06 -3.426879e+06  4.686756e+06
    DEADMANL -2.336821e+06        0.308370 -4.732588e+06        0.093692  3.570331e+06        0.424154 -2.336821e+06        0.308370 -4.732588e+06        0.093692  3.570331e+06        0.424154  -2.336821e+06 -4.732588e+06  3.570331e+06
       DSS13 -2.351113e+06        0.001787 -4.655531e+06        0.001616  3.660913e+06        0.001630 -2.351113e+06        0.001787 -4.655531e+06        0.001616  3.660913e+06        0.001630  -2.351113e+06 -4.655531e+06  3.660913e+06
       DSS15 -2.353539e+06        0.003616 -4.641649e+06        0.005505  3.676670e+06        0.005574 -2.353539e+06        0.003616 -4.641649e+06        0.005505  3.676670e+06        0.005574  -2.353539e+06 -4.641649e+06  3.676670e+06
       DSS15 -2.353539e+06        0.002136 -4.641649e+06        0.002347  3.676670e+06        0.002263 -2.353539e+06        0.002136 -4.641649e+06        0.002347  3.676670e+06        0.002263  -2.353539e+06 -4.641649e+06  3.676670e+06
       DSS34 -4.461148e+06        0.023330  2.682439e+06        0.017385 -3.674393e+06        0.027037 -4.461148e+06        0.023331  2.682439e+06        0.017385 -3.674393e+06        0.027037  -4.461148e+06  2.682439e+06 -3.674393e+06
       DSS36 -4.461169e+06        0.003141  2.682815e+06        0.002062 -3.674083e+06        0.002221 -4.461169e+06        0.003141  2.682815e+06        0.002062 -3.674083e+06        0.002221  -4.461169e+06  2.682815e+06 -3.674083e+06
       DSS45 -4.460936e+06        0.003097  2.682766e+06        0.001948 -3.674380e+06        0.002026 -4.460936e+06        0.003097  2.682766e+06        0.001948 -3.674380e+06        0.002026  -4.460936e+06  2.682766e+06 -3.674380e+06
       DSS65  4.849337e+06        0.002897 -3.604883e+05        0.001241  4.114749e+06        0.002546  4.849337e+06        0.002897 -3.604885e+05        0.001241  4.114749e+06        0.002546   4.849337e+06 -3.604883e+05  4.114749e+06
      DSS65A  4.849340e+06        0.001761 -3.604273e+05        0.000981  4.114751e+06        0.001021  4.849340e+06        0.001761 -3.604275e+05        0.000981  4.114751e+06        0.001021   4.849340e+06 -3.604273e+05  4.114751e+06
       DSS65  4.849337e+06        0.002315 -3.604883e+05        0.001105  4.114749e+06        0.001847  4.849337e+06        0.002315 -3.604885e+05        0.001105  4.114749e+06        0.001847   4.849337e+06 -3.604883e+05  4.114749e+06
    EFLSBERG  4.033947e+06        0.002346  4.869909e+05        0.001095  4.900431e+06        0.002078  4.033947e+06        0.002346  4.869908e+05        0.001095  4.900431e+06        0.002078   4.033947e+06  4.869909e+05  4.900431e+06
    EFLSBERG  4.033947e+06        0.001793  4.869909e+05        0.000953  4.900431e+06        0.001152  4.033947e+06        0.001793  4.869908e+05        0.000953  4.900431e+06        0.001152   4.033947e+06  4.869909e+05  4.900431e+06
         ELY -2.077236e+06        0.057568 -4.486713e+06        0.023178  4.018753e+06        0.102190 -2.077237e+06        0.057568 -4.486713e+06        0.023178  4.018753e+06        0.102190  -2.077236e+06 -4.486713e+06  4.018753e+06
     FD-VLBA -1.324009e+06        0.001557 -5.332182e+06        0.000976  3.231962e+06        0.000965 -1.324009e+06        0.001557 -5.332182e+06        0.000976  3.231962e+06        0.000965  -1.324009e+06 -5.332182e+06  3.231962e+06
    FLAGSTAF -1.923993e+06        0.054678 -4.850855e+06        0.031480  3.658589e+06        0.101009 -1.923993e+06        0.054678 -4.850855e+06        0.031480  3.658589e+06        0.101009  -1.923993e+06 -4.850855e+06  3.658589e+06
    FORT ORD -2.697027e+06        0.071235 -4.354393e+06        0.013636  3.788078e+06        0.098081 -2.697027e+06        0.071235 -4.354393e+06        0.013636  3.788078e+06        0.098081  -2.697027e+06 -4.354393e+06  3.788078e+06
    FORTLEZA  4.985370e+06        0.001777 -3.955020e+06        0.001094 -4.284720e+05        0.000934  4.985370e+06        0.001777 -3.955020e+06        0.001094 -4.284721e+05        0.000934   4.985370e+06 -3.955020e+06 -4.284720e+05
    FORTORDS -2.699841e+06        0.066041 -4.359126e+06        0.005377  3.781052e+06        0.090879 -2.699841e+06        0.066041 -4.359126e+06        0.005377  3.781052e+06        0.090879  -2.699841e+06 -4.359126e+06  3.781052e+06
    FORTORDS -2.699841e+06        0.062658 -4.359126e+06        0.099980  3.781052e+06        0.086379 -2.699841e+06        0.062658 -4.359126e+06        0.099980  3.781052e+06        0.086379  -2.699841e+06 -4.359126e+06  3.781052e+06
    FTD 7900 -1.324228e+06        0.018880 -5.332063e+06        0.017137  3.232023e+06        0.018555 -1.324228e+06        0.018880 -5.332063e+06        0.017137  3.232023e+06        0.018555  -1.324228e+06 -5.332063e+06  3.232023e+06
     GGAO12M  1.130730e+06        0.001604 -4.831246e+06        0.001366  3.994228e+06        0.001353  1.130730e+06        0.001604 -4.831246e+06        0.001366  3.994228e+06        0.001353   1.130730e+06 -4.831246e+06  3.994228e+06
    GGAO7108  1.130795e+06        0.002212 -4.831234e+06        0.003727  3.994217e+06        0.003691  1.130795e+06        0.002212 -4.831234e+06        0.003727  3.994217e+06        0.003691   1.130795e+06 -4.831234e+06  3.994217e+06
    GGAO7108  1.130794e+06        0.002349 -4.831233e+06        0.005269  3.994216e+06        0.004197  1.130794e+06        0.002349 -4.831233e+06        0.005269  3.994216e+06        0.004197   1.130794e+06 -4.831233e+06  3.994216e+06
    GILCREEK -2.281548e+06        0.006066 -1.453645e+06        0.005929  5.756993e+06        0.005990 -2.281548e+06        0.006066 -1.453645e+06        0.005929  5.756993e+06        0.005990  -2.281548e+06 -1.453645e+06  5.756993e+06
    GOLDVENU -2.351129e+06        0.003362 -4.655477e+06        0.004609  3.660957e+06        0.004604 -2.351129e+06        0.003362 -4.655477e+06        0.004609  3.660957e+06        0.004604  -2.351129e+06 -4.655477e+06  3.660957e+06
    GORF7102  1.130686e+06        0.002802 -4.831353e+06        0.006179  3.994111e+06        0.005524  1.130686e+06        0.002802 -4.831353e+06        0.006179  3.994111e+06        0.005524   1.130686e+06 -4.831353e+06  3.994111e+06
      GRASSE  4.581698e+06        0.008118  5.561258e+05        0.002842  4.389351e+06        0.008152  4.581698e+06        0.008118  5.561256e+05        0.002842  4.389351e+06        0.008152   4.581698e+06  5.561258e+05  4.389351e+06
    HALEAKAL -5.465999e+06        0.015044 -2.404407e+06        0.007430  2.242229e+06        0.008460 -5.465999e+06        0.015044 -2.404407e+06        0.007430  2.242229e+06        0.008460  -5.465999e+06 -2.404407e+06  2.242229e+06
     HART15M  5.085491e+06        0.002267  2.668162e+06        0.001186 -2.768693e+06        0.000849  5.085491e+06        0.002267  2.668162e+06        0.001186 -2.768693e+06        0.000849   5.085491e+06  2.668162e+06 -2.768693e+06
     HARTRAO  5.085443e+06        0.002288  2.668264e+06        0.001196 -2.768697e+06        0.000863  5.085443e+06        0.002288  2.668264e+06        0.001196 -2.768697e+06        0.000863   5.085443e+06  2.668264e+06 -2.768697e+06
    HATCREEK -2.523970e+06        0.011447 -4.123506e+06        0.019070  4.147752e+06        0.018235 -2.523970e+06        0.011447 -4.123506e+06        0.019070  4.147752e+06        0.018235  -2.523970e+06 -4.123506e+06  4.147752e+06
    HAYSTACK  1.492405e+06        0.003528 -4.457266e+06        0.006788  4.296882e+06        0.007802  1.492404e+06        0.003528 -4.457267e+06        0.006788  4.296882e+06        0.007802   1.492405e+06 -4.457266e+06  4.296882e+06
     HN-VLBA  1.446375e+06        0.001537 -4.447940e+06        0.000919  4.322306e+06        0.000897  1.446375e+06        0.001537 -4.447940e+06        0.000919  4.322306e+06        0.000897   1.446375e+06 -4.447940e+06  4.322306e+06
    HOBART12 -3.949991e+06        0.002376  2.522421e+06        0.001290 -4.311708e+06        0.001230 -3.949991e+06        0.002376  2.522421e+06        0.001290 -4.311708e+06        0.001230  -3.949991e+06  2.522421e+06 -4.311708e+06
    HOBART26 -3.950237e+06        0.002384  2.522348e+06        0.001299 -4.311562e+06        0.001238 -3.950237e+06        0.002384  2.522348e+06        0.001299 -4.311562e+06        0.001238  -3.950237e+06  2.522348e+06 -4.311562e+06
        HOFN  2.679650e+06        0.007035 -7.279164e+05        0.003016  5.722807e+06        0.015566  2.679650e+06        0.007035 -7.279165e+05        0.003016  5.722807e+06        0.015566   2.679650e+06 -7.279164e+05  5.722807e+06
    HOHENFRG  3.778215e+06        0.009718  6.986448e+05        0.003584  5.074054e+06        0.012873  3.778215e+06        0.009718  6.986446e+05        0.003584  5.074054e+06        0.012873   3.778215e+06  6.986448e+05  5.074054e+06
    HOHNBERG  4.213687e+06        0.013844  8.204230e+05        0.003892  4.702784e+06        0.014698  4.213687e+06        0.013844  8.204229e+05        0.003892  4.702784e+06        0.014698   4.213687e+06  8.204230e+05  4.702784e+06
    HRAS 085 -1.324211e+06        0.020761 -5.332023e+06        0.012541  3.232118e+06        0.018942 -1.324211e+06        0.020761 -5.332023e+06        0.012541  3.232118e+06        0.018942  -1.324211e+06 -5.332023e+06  3.232118e+06
     ISHIOKA -3.959636e+06        0.001900  3.296825e+06        0.001116  3.747043e+06        0.001301 -3.959636e+06        0.001900  3.296825e+06        0.001116  3.747043e+06        0.001301  -3.959636e+06  3.296825e+06  3.747043e+06
     JPL MV1 -2.493307e+06        0.065484 -4.655197e+06        0.019630  3.565520e+06        0.089767 -2.493307e+06        0.065484 -4.655197e+06        0.019630  3.565520e+06        0.089767  -2.493307e+06 -4.655197e+06  3.565520e+06
     KANOZAN -3.991748e+06        0.018309  3.355062e+06        0.015955  3.661225e+06        0.018110 -3.991747e+06        0.018309  3.355062e+06        0.015955  3.661225e+06        0.018110  -3.991748e+06  3.355062e+06  3.661225e+06
    KARLBURG  3.653204e+06        0.013647  8.844276e+05        0.004474  5.135732e+06        0.018872  3.653204e+06        0.013647  8.844275e+05        0.004474  5.135732e+06        0.018872   3.653204e+06  8.844276e+05  5.135732e+06
    KASHIM11 -3.997506e+06        0.002223  3.276878e+06        0.001436  3.724241e+06        0.001705 -3.997506e+06        0.002223  3.276879e+06        0.001436  3.724241e+06        0.001705  -3.997506e+06  3.276878e+06  3.724241e+06
    KASHIM11 -3.997506e+06        0.001943  3.276878e+06        0.001174  3.724241e+06        0.001351 -3.997506e+06        0.001943  3.276878e+06        0.001174  3.724240e+06        0.001351  -3.997506e+06  3.276878e+06  3.724241e+06
    KASHIM34 -3.997649e+06        0.002037  3.276691e+06        0.001245  3.724279e+06        0.001506 -3.997649e+06        0.002037  3.276691e+06        0.001245  3.724279e+06        0.001506  -3.997649e+06  3.276691e+06  3.724279e+06
    KASHIM34 -3.997649e+06        0.001950  3.276691e+06        0.001164  3.724279e+06        0.001378 -3.997649e+06        0.001950  3.276691e+06        0.001164  3.724279e+06        0.001379  -3.997649e+06  3.276691e+06  3.724279e+06
    KASHIM34 -3.997650e+06        0.001898  3.276690e+06        0.001118  3.724279e+06        0.001296 -3.997650e+06        0.001898  3.276690e+06        0.001118  3.724279e+06        0.001296  -3.997650e+06  3.276690e+06  3.724279e+06
     KASHIMA -3.997892e+06        0.002194  3.276581e+06        0.001403  3.724118e+06        0.001701 -3.997892e+06        0.002194  3.276581e+06        0.001403  3.724118e+06        0.001701  -3.997892e+06  3.276581e+06  3.724118e+06
     KATH12M -4.147355e+06        0.002307  4.581542e+06        0.001216 -1.573303e+06        0.001303 -4.147355e+06        0.002307  4.581542e+06        0.001216 -1.573303e+06        0.001303  -4.147355e+06  4.581542e+06 -1.573303e+06
       KAUAI -5.543846e+06        0.006794 -2.054563e+06        0.003725  2.387815e+06        0.005769 -5.543846e+06        0.006794 -2.054563e+06        0.003725  2.387815e+06        0.005769  -5.543846e+06 -2.054563e+06  2.387815e+06
    KIRSBERG  3.879831e+06        0.011435  9.879634e+05        0.002690  4.948713e+06        0.014582  3.879831e+06        0.011435  9.879632e+05        0.002690  4.948713e+06        0.014582   3.879831e+06  9.879634e+05  4.948713e+06
      KODIAK -3.026941e+06        0.087156 -1.575912e+06        0.056626  5.370363e+06        0.149210 -3.026941e+06        0.087156 -1.575912e+06        0.056626  5.370363e+06        0.149210  -3.026941e+06 -1.575912e+06  5.370363e+06
     KOGANEI -3.941938e+06        0.004114  3.368151e+06        0.003307  3.702235e+06        0.003522 -3.941938e+06        0.004119  3.368151e+06        0.003310  3.702235e+06        0.003525  -3.941938e+06  3.368151e+06  3.702235e+06
    KOGANEI3 -3.942077e+06        0.019161  3.368332e+06        0.017612  3.701905e+06        0.016281 -3.942077e+06        0.019163  3.368332e+06        0.017613  3.701905e+06        0.016282  -3.942077e+06  3.368332e+06  3.701905e+06
     KOGANEI -3.941938e+06        0.002090  3.368151e+06        0.001346  3.702235e+06        0.001513 -3.941938e+06        0.002090  3.368151e+06        0.001346  3.702235e+06        0.001513  -3.941938e+06  3.368151e+06  3.702235e+06
       KOKEE -5.543838e+06        0.001685 -2.054567e+06        0.001162  2.387853e+06        0.001230 -5.543838e+06        0.001685 -2.054567e+06        0.001162  2.387852e+06        0.001230  -5.543838e+06 -2.054567e+06  2.387853e+06
    KOKEE12M -5.543832e+06        0.001755 -2.054586e+06        0.001224  2.387829e+06        0.001341 -5.543832e+06        0.001755 -2.054586e+06        0.001224  2.387829e+06        0.001341  -5.543832e+06 -2.054586e+06  2.387829e+06
     KP-VLBA -1.995679e+06        0.001558 -5.037318e+06        0.000993  3.357328e+06        0.000989 -1.995679e+06        0.001558 -5.037318e+06        0.000993  3.357328e+06        0.000989  -1.995679e+06 -5.037318e+06  3.357328e+06
     KUNMING -1.281153e+06        0.002094  5.640864e+06        0.001327  2.682654e+06        0.001243 -1.281153e+06        0.002094  5.640864e+06        0.001327  2.682653e+06        0.001243  -1.281153e+06  5.640864e+06  2.682654e+06
    KWAJAL26 -6.143540e+06        0.095453  1.363995e+06        0.030243  1.034706e+06        0.026359 -6.143537e+06        0.095454  1.363999e+06        0.030243  1.034709e+06        0.026359  -6.143540e+06  1.363995e+06  1.034706e+06
     LA-VLBA -1.449752e+06        0.001547 -4.975299e+06        0.000969  3.709124e+06        0.000965 -1.449753e+06        0.001547 -4.975299e+06        0.000969  3.709124e+06        0.000965  -1.449752e+06 -4.975299e+06  3.709124e+06
    LEONRDOK -5.222314e+05        0.004106 -5.145677e+06        0.019384  3.720152e+06        0.012832 -5.222315e+05        0.004106 -5.145677e+06        0.019384  3.720152e+06        0.012832  -5.222314e+05 -5.145677e+06  3.720152e+06
    MACGO12M -1.330788e+06        0.004810 -5.328107e+06        0.002989  3.236428e+06        0.004314 -1.330788e+06        0.004810 -5.328107e+06        0.002989  3.236428e+06        0.004314  -1.330788e+06 -5.328107e+06  3.236428e+06
    MAMMOTHL -2.448247e+06        0.206316 -4.426738e+06        0.071303  3.875436e+06        0.306331 -2.448247e+06        0.206316 -4.426738e+06        0.071303  3.875436e+06        0.306331  -2.448247e+06 -4.426738e+06  3.875436e+06
      MARCUS -5.227445e+06        0.117309  2.551380e+06        0.074145  2.607605e+06        0.080166 -5.227446e+06        0.117309  2.551381e+06        0.074145  2.607605e+06        0.080166  -5.227445e+06  2.551380e+06  2.607605e+06
    MARPOINT  1.106629e+06        0.011164 -4.882907e+06        0.036847  3.938087e+06        0.030466  1.106629e+06        0.011164 -4.882907e+06        0.036847  3.938087e+06        0.030466   1.106629e+06 -4.882907e+06  3.938087e+06
      MATERA  4.641938e+06        0.001744  1.393003e+06        0.000957  4.133326e+06        0.000836  4.641938e+06        0.001744  1.393003e+06        0.000957  4.133326e+06        0.000836   4.641938e+06  1.393003e+06  4.133326e+06
    MCD 7850 -1.330008e+06        0.018731 -5.328392e+06        0.015253  3.236503e+06        0.018054 -1.330008e+06        0.018731 -5.328392e+06        0.015253  3.236503e+06        0.018054  -1.330008e+06 -5.328392e+06  3.236503e+06
    MEDICINA  4.461370e+06        0.001785  9.195973e+05        0.000973  4.449559e+06        0.001004  4.461370e+06        0.001785  9.195971e+05        0.000973  4.449559e+06        0.001004   4.461370e+06  9.195973e+05  4.449559e+06
    MEDICINA  4.461370e+06        0.001707  9.195973e+05        0.000947  4.449559e+06        0.000836  4.461370e+06        0.001707  9.195971e+05        0.000947  4.449559e+06        0.000836   4.461370e+06  9.195973e+05  4.449559e+06
    METSAHOV  2.892585e+06        0.001706  1.311716e+06        0.000937  5.512640e+06        0.001030  2.892585e+06        0.001706  1.311716e+06        0.000937  5.512640e+06        0.001030   2.892585e+06  1.311716e+06  5.512640e+06
    METSHOVI  2.890652e+06        0.014242  1.310296e+06        0.006686  5.513959e+06        0.021019  2.890652e+06        0.014242  1.310296e+06        0.006686  5.513959e+06        0.021019   2.890652e+06  1.310296e+06  5.513959e+06
     MIAMI20  9.612553e+05        0.002541 -5.674093e+06        0.005281  2.740534e+06        0.003295  9.612552e+05        0.002541 -5.674093e+06        0.005282  2.740534e+06        0.003295   9.612553e+05 -5.674093e+06  2.740534e+06
    MILESMON -1.204439e+06        0.010245 -4.239211e+06        0.032666  4.596266e+06        0.032775 -1.204439e+06        0.010245 -4.239211e+06        0.032666  4.596266e+06        0.032775  -1.204439e+06 -4.239211e+06  4.596266e+06
       MIURA -3.976130e+06        0.009545  3.377928e+06        0.007919  3.656754e+06        0.008210 -3.976130e+06        0.009545  3.377928e+06        0.007920  3.656754e+06        0.008210  -3.976130e+06  3.377928e+06  3.656754e+06
       MIURA -3.976130e+06        0.008400  3.377928e+06        0.006956  3.656754e+06        0.007232 -3.976130e+06        0.008401  3.377928e+06        0.006956  3.656754e+06        0.007232  -3.976130e+06  3.377928e+06  3.656754e+06
    MIYAZAKI -3.582768e+06        0.109138  4.052034e+06        0.071584  3.369021e+06        0.112132 -3.582768e+06        0.109138  4.052034e+06        0.071584  3.369021e+06        0.112132  -3.582768e+06  4.052034e+06  3.369021e+06
    MIZNAO10 -3.857237e+06        0.341172  3.108804e+06        0.028316  4.003883e+06        0.296170 -3.857237e+06        0.341172  3.108804e+06        0.028316  4.003883e+06        0.296170  -3.857237e+06  3.108804e+06  4.003883e+06
    MIZUSGSI -3.862413e+06        0.377111  3.105016e+06        0.052203  4.001945e+06        0.326999 -3.862413e+06        0.377111  3.105016e+06        0.052203  4.001945e+06        0.326999  -3.862413e+06  3.105016e+06  4.001945e+06
     MK-VLBA -5.464075e+06        0.001786 -2.495248e+06        0.001254  2.148297e+06        0.001287 -5.464075e+06        0.001786 -2.495248e+06        0.001254  2.148297e+06        0.001287  -5.464075e+06 -2.495248e+06  2.148297e+06
     MK-VLBA -5.464075e+06        0.001690 -2.495248e+06        0.001175  2.148297e+06        0.001228 -5.464075e+06        0.001690 -2.495248e+06        0.001175  2.148297e+06        0.001228  -5.464075e+06 -2.495248e+06  2.148297e+06
     MK-VLBA -5.464075e+06        0.001733 -2.495248e+06        0.001236  2.148297e+06        0.001272 -5.464075e+06        0.001733 -2.495248e+06        0.001236  2.148297e+06        0.001272  -5.464075e+06 -2.495248e+06  2.148297e+06
    MOJ 7288 -2.356494e+06        0.006245 -4.646608e+06        0.011499  3.668427e+06        0.009345 -2.356494e+06        0.006245 -4.646608e+06        0.011499  3.668427e+06        0.009345  -2.356494e+06 -4.646608e+06  3.668427e+06
    MOJAVE12 -2.356171e+06        0.002997 -4.646756e+06        0.004827  3.668471e+06        0.005299 -2.356171e+06        0.002997 -4.646756e+06        0.004827  3.668471e+06        0.005299  -2.356171e+06 -4.646756e+06  3.668471e+06
    MOJAVE12 -2.356171e+06        0.003052 -4.646756e+06        0.004840  3.668471e+06        0.005234 -2.356171e+06        0.003052 -4.646756e+06        0.004840  3.668471e+06        0.005234  -2.356171e+06 -4.646756e+06  3.668471e+06
    MON PEAK -2.386290e+06        0.031052 -4.802346e+06        0.063483  3.444884e+06        0.045746 -2.386290e+06        0.031052 -4.802346e+06        0.063483  3.444884e+06        0.045746  -2.386290e+06 -4.802346e+06  3.444884e+06
     NL-VLBA -1.308724e+05        0.001534 -4.762317e+06        0.000931  4.226851e+06        0.000921 -1.308725e+05        0.001534 -4.762317e+06        0.000931  4.226851e+06        0.000922  -1.308724e+05 -4.762317e+06  4.226851e+06
    NOBEY 6M -3.871170e+06        0.052130  3.428275e+06        0.055374  3.723699e+06        0.052613 -3.871169e+06        0.052130  3.428275e+06        0.055374  3.723699e+06        0.052613  -3.871170e+06  3.428275e+06  3.723699e+06
        NOME -2.658151e+06        0.078963 -6.938222e+05        0.032903  5.737237e+06        0.150628 -2.658151e+06        0.078963 -6.938222e+05        0.032903  5.737237e+06        0.150628  -2.658151e+06 -6.938222e+05  5.737237e+06
        NOTO  4.934563e+06        0.001805  1.321202e+06        0.000988  3.806485e+06        0.000911  4.934563e+06        0.001805  1.321202e+06        0.000988  3.806485e+06        0.000911   4.934563e+06  1.321202e+06  3.806485e+06
    NRAO 140  8.828798e+05        0.001796 -4.924482e+06        0.002864  3.944131e+06        0.002389  8.828796e+05        0.001796 -4.924482e+06        0.002864  3.944131e+06        0.002389   8.828798e+05 -4.924482e+06  3.944131e+06
      NRAO20  8.837726e+05        0.001656 -4.924386e+06        0.001986  3.944043e+06        0.001755  8.837725e+05        0.001656 -4.924386e+06        0.001986  3.944043e+06        0.001755   8.837726e+05 -4.924386e+06  3.944043e+06
    NRAO85 1  8.835554e+05        0.002102 -4.924491e+06        0.004768  3.943962e+06        0.003825  8.835553e+05        0.002102 -4.924491e+06        0.004768  3.943962e+06        0.003825   8.835554e+05 -4.924491e+06  3.943962e+06
    NRAO85 3  8.823255e+05        0.001730 -4.925138e+06        0.002411  3.943398e+06        0.002103  8.823253e+05        0.001730 -4.925138e+06        0.002411  3.943398e+06        0.002103   8.823255e+05 -4.925138e+06  3.943398e+06
    NYALE13S  1.201071e+06        0.001662  2.521294e+05        0.000937  6.238023e+06        0.001699  1.201071e+06        0.001662  2.521293e+05        0.000937  6.238022e+06        0.001699   1.201071e+06  2.521294e+05  6.238023e+06
    NYALES20  1.202463e+06        0.001607  2.527346e+05        0.000888  6.237766e+06        0.000862  1.202463e+06        0.001607  2.527345e+05        0.000888  6.237766e+06        0.000862   1.202463e+06  2.527346e+05  6.237766e+06
    OCOTILLO -2.335601e+06        0.082980 -4.832244e+06        0.069490  3.434392e+06        0.078326 -2.335601e+06        0.082980 -4.832244e+06        0.069490  3.434392e+06        0.078326  -2.335601e+06 -4.832244e+06  3.434392e+06
    OHIGGINS  1.525833e+06        0.002368 -2.432464e+06        0.001583 -5.676174e+06        0.001993  1.525833e+06        0.002369 -2.432464e+06        0.001584 -5.676174e+06        0.001993   1.525833e+06 -2.432464e+06 -5.676174e+06
    ONSA13NE  3.370889e+06        0.001660  7.115714e+05        0.000912  5.349692e+06        0.000837  3.370889e+06        0.001660  7.115712e+05        0.000912  5.349692e+06        0.000837   3.370889e+06  7.115714e+05  5.349692e+06
    ONSA13SW  3.370947e+06        0.001660  7.115347e+05        0.000912  5.349661e+06        0.000837  3.370947e+06        0.001660  7.115346e+05        0.000912  5.349661e+06        0.000837   3.370947e+06  7.115347e+05  5.349661e+06
    ONSALA60  3.370606e+06        0.001658  7.119178e+05        0.000910  5.349831e+06        0.000828  3.370606e+06        0.001658  7.119177e+05        0.000910  5.349831e+06        0.000828   3.370606e+06  7.119178e+05  5.349831e+06
     OV-VLBA -2.409150e+06        0.001552 -4.478573e+06        0.000999  3.838617e+06        0.001007 -2.409150e+06        0.001552 -4.478573e+06        0.000999  3.838617e+06        0.001007  -2.409150e+06 -4.478573e+06  3.838617e+06
    OVR 7853 -2.410421e+06        0.010215 -4.477800e+06        0.019742  3.838690e+06        0.017124 -2.410422e+06        0.010215 -4.477800e+06        0.019742  3.838690e+06        0.017124  -2.410421e+06 -4.477800e+06  3.838690e+06
    OVRO 130 -2.409601e+06        0.009486 -4.478349e+06        0.019009  3.838603e+06        0.016817 -2.409601e+06        0.009486 -4.478349e+06        0.019009  3.838603e+06        0.016817  -2.409601e+06 -4.478349e+06  3.838603e+06
      PARKES -4.554233e+06        0.004690  2.816759e+06        0.002840 -3.454035e+06        0.003371 -4.554233e+06        0.004690  2.816759e+06        0.002840 -3.454035e+06        0.003371  -4.554233e+06  2.816759e+06 -3.454035e+06
    PBLOSSOM -2.464071e+06        0.090570 -4.649425e+06        0.068457  3.593906e+06        0.125465 -2.464071e+06        0.090570 -4.649425e+06        0.068457  3.593906e+06        0.125465  -2.464071e+06 -4.649425e+06  3.593906e+06
    PENTICTN -2.058841e+06        0.084120 -3.621287e+06        0.037938  4.814421e+06        0.177147 -2.058841e+06        0.084120 -3.621287e+06        0.037938  4.814421e+06        0.177147  -2.058841e+06 -3.621287e+06  4.814421e+06
     PIETOWN -1.640954e+06        0.001551 -5.014816e+06        0.000978  3.575412e+06        0.000975 -1.640954e+06        0.001551 -5.014816e+06        0.000978  3.575412e+06        0.000975  -1.640954e+06 -5.014816e+06  3.575412e+06
    PINFLATS -2.369636e+06        0.055951 -4.761325e+06        0.008198  3.511116e+06        0.081939 -2.369636e+06        0.055951 -4.761325e+06        0.008198  3.511116e+06        0.081939  -2.369636e+06 -4.761325e+06  3.511116e+06
    PLATTVIL -1.240708e+06        0.024945 -4.720454e+06        0.075338  4.094481e+06        0.063598 -1.240708e+06        0.024945 -4.720454e+06        0.075338  4.094481e+06        0.063598  -1.240708e+06 -4.720454e+06  4.094481e+06
    PRESIDIO -2.707705e+06        0.070597 -4.257609e+06        0.010629  3.888374e+06        0.098063 -2.707705e+06        0.070597 -4.257609e+06        0.010629  3.888374e+06        0.098063  -2.707705e+06 -4.257609e+06  3.888374e+06
    PRESIDIO -2.707705e+06        0.062496 -4.257609e+06        0.097886  3.888374e+06        0.087155 -2.707705e+06        0.062496 -4.257609e+06        0.097886  3.888374e+06        0.087155  -2.707705e+06 -4.257609e+06  3.888374e+06
    PT REYES -2.732334e+06        0.053483 -4.217634e+06        0.081066  3.914492e+06        0.075775 -2.732334e+06        0.053483 -4.217634e+06        0.081066  3.914492e+06        0.075775  -2.732334e+06 -4.217634e+06  3.914492e+06
     PVERDES -2.525453e+06        0.094404 -4.670035e+06        0.068310  3.522887e+06        0.127284 -2.525453e+06        0.094404 -4.670035e+06        0.068310  3.522887e+06        0.127284  -2.525453e+06 -4.670035e+06  3.522887e+06
      QUINCY -2.517231e+06        0.038986 -4.198595e+06        0.063848  4.076531e+06        0.060389 -2.517231e+06        0.038986 -4.198595e+06        0.063848  4.076531e+06        0.060389  -2.517231e+06 -4.198595e+06  4.076531e+06
    RAEGSMAR  4.618524e+06        0.004445 -2.166021e+06        0.002089  3.816270e+06        0.002960  4.618524e+06        0.004445 -2.166021e+06        0.002089  3.816270e+06        0.002960   4.618524e+06 -2.166021e+06  3.816270e+06
     RAEGYEB  4.848831e+06        0.001687 -2.616294e+05        0.000969  4.122977e+06        0.000886  4.848831e+06        0.001687 -2.616295e+05        0.000969  4.122976e+06        0.000886   4.848831e+06 -2.616294e+05  4.122977e+06
    RICHMOND  9.612581e+05        0.002858 -5.674090e+06        0.006218  2.740534e+06        0.003885  9.612579e+05        0.002858 -5.674090e+06        0.006218  2.740534e+06        0.003885   9.612581e+05 -5.674090e+06  2.740534e+06
    ROBLED32  4.849245e+06        0.044152 -3.602777e+05        0.008789  4.114885e+06        0.035649  4.849245e+06        0.044152 -3.602778e+05        0.008789  4.114885e+06        0.035649   4.849245e+06 -3.602777e+05  4.114885e+06
    SANPAULA -2.554477e+06        0.090621 -4.608627e+06        0.061545  3.582139e+06        0.122371 -2.554478e+06        0.090621 -4.608627e+06        0.061545  3.582139e+06        0.122371  -2.554477e+06 -4.608627e+06  3.582139e+06
    SANTIA12  1.769694e+06        0.010961 -5.044504e+06        0.018407 -3.468435e+06        0.014709  1.769694e+06        0.010961 -5.044505e+06        0.018407 -3.468435e+06        0.014709   1.769694e+06 -5.044504e+06 -3.468435e+06
     SC-VLBA  2.607849e+06        0.001609 -5.488069e+06        0.000999  1.932740e+06        0.000932  2.607849e+06        0.001609 -5.488070e+06        0.000999  1.932740e+06        0.000932   2.607849e+06 -5.488069e+06  1.932740e+06
    SEATTLE1 -2.295348e+06        0.189658 -3.638029e+06        0.087597  4.693408e+06        0.283351 -2.295348e+06        0.189658 -3.638029e+06        0.087597  4.693408e+06        0.283351  -2.295348e+06 -3.638029e+06  4.693408e+06
      SEJONG -3.110080e+06        0.001964  4.082067e+06        0.001160  3.775077e+06        0.001308 -3.110080e+06        0.001964  4.082067e+06        0.001160  3.775077e+06        0.001309  -3.110080e+06  4.082067e+06  3.775077e+06
    SESHAN25 -2.831687e+06        0.001971  4.675733e+06        0.001027  3.275328e+06        0.001211 -2.831687e+06        0.001971  4.675733e+06        0.001027  3.275327e+06        0.001211  -2.831687e+06  4.675733e+06  3.275328e+06
        SEST  1.838238e+06        0.009175 -5.258699e+06        0.017067 -3.100589e+06        0.009406  1.838238e+06        0.009175 -5.258699e+06        0.017067 -3.100589e+06        0.009406   1.838238e+06 -5.258699e+06 -3.100589e+06
     SINTOTU -3.642142e+06        0.230718  2.861496e+06        0.008466  4.370362e+06        0.212558 -3.642142e+06        0.230718  2.861496e+06        0.008466  4.370362e+06        0.212558  -3.642142e+06  2.861496e+06  4.370362e+06
    SINTOTU3 -3.642142e+06        0.030369  2.861497e+06        0.025406  4.370362e+06        0.033550 -3.642142e+06        0.030369  2.861497e+06        0.025406  4.370362e+06        0.033550  -3.642142e+06  2.861497e+06  4.370362e+06
    SINTOTU3 -3.642142e+06        0.020483  2.861497e+06        0.016405  4.370362e+06        0.022634 -3.642142e+06        0.020483  2.861497e+06        0.016405  4.370362e+06        0.022634  -3.642142e+06  2.861497e+06  4.370362e+06
    SNDPOINT -3.425462e+06        0.110165 -1.214669e+06        0.065728  5.223858e+06        0.166119 -3.425462e+06        0.110165 -1.214669e+06        0.065728  5.223858e+06        0.166119  -3.425462e+06 -1.214669e+06  5.223858e+06
    SOURDOGH -2.419994e+06        0.101457 -1.664229e+06        0.077703  5.643538e+06        0.233865 -2.419994e+06        0.101457 -1.664229e+06        0.077703  5.643538e+06        0.233865  -2.419994e+06 -1.664229e+06  5.643538e+06
    SOURDOGH -2.419994e+06        0.090444 -1.664229e+06        0.069354  5.643538e+06        0.208205 -2.419994e+06        0.090444 -1.664229e+06        0.069354  5.643538e+06        0.208205  -2.419994e+06 -1.664229e+06  5.643538e+06
    SVERT13V  2.730078e+06        0.511355  1.562225e+06        0.039124  5.530074e+06        0.809065  2.730078e+06        0.511353  1.562225e+06        0.039123  5.530075e+06        0.809057   2.730078e+06  1.562225e+06  5.530074e+06
     SVETLOE  2.730174e+06        0.001689  1.562443e+06        0.000900  5.529969e+06        0.000846  2.730174e+06        0.001689  1.562443e+06        0.000900  5.529969e+06        0.000846   2.730174e+06  1.562443e+06  5.529969e+06
       SYOWA  1.766194e+06        0.002526  1.460411e+06        0.001403 -5.932273e+06        0.001553  1.766194e+06        0.002536  1.460411e+06        0.001410 -5.932273e+06        0.001609   1.766194e+06  1.460411e+06 -5.932273e+06
    TATEYAMA -4.000983e+06        0.009879  3.375276e+06        0.007998  3.632213e+06        0.008552 -4.000983e+06        0.009879  3.375276e+06        0.007999  3.632213e+06        0.008552  -4.000983e+06  3.375276e+06  3.632213e+06
    TATEYAMA -4.000983e+06        0.008270  3.375276e+06        0.006681  3.632213e+06        0.007154 -4.000983e+06        0.008270  3.375276e+06        0.006681  3.632213e+06        0.007154  -4.000983e+06  3.375276e+06  3.632213e+06
    TIANMA65 -2.826709e+06        0.002678  4.679237e+06        0.002903  3.274668e+06        0.002322 -2.826709e+06        0.002678  4.679237e+06        0.002903  3.274668e+06        0.002322  -2.826709e+06  4.679237e+06  3.274668e+06
    TIDBIN64 -4.460895e+06        0.004370  2.682361e+06        0.002874 -3.674747e+06        0.004735 -4.460895e+06        0.004370  2.682362e+06        0.002874 -3.674748e+06        0.004735  -4.460895e+06  2.682361e+06 -3.674747e+06
    TIGOCONC  1.492055e+06        0.002106 -4.887961e+06        0.001990 -3.803541e+06        0.001566  1.492055e+06        0.002106 -4.887961e+06        0.001990 -3.803541e+06        0.001566   1.492055e+06 -4.887961e+06 -3.803541e+06
    TIGOCONC  1.492052e+06        0.001982 -4.887961e+06        0.001344 -3.803542e+06        0.001033  1.492052e+06        0.001982 -4.887961e+06        0.001344 -3.803542e+06        0.001033   1.492052e+06 -4.887961e+06 -3.803542e+06
    TIGOWTZL  4.075572e+06        0.002439  9.317555e+05        0.001135  4.801585e+06        0.002189  4.075572e+06        0.002439  9.317554e+05        0.001135  4.801585e+06        0.002189   4.075572e+06  9.317555e+05  4.801585e+06
    TOULOUSE  4.627950e+06        0.015131  1.198437e+05        0.003504  4.372863e+06        0.014301  4.627950e+06        0.015131  1.198436e+05        0.003504  4.372863e+06        0.014301   4.627950e+06  1.198437e+05  4.372863e+06
    TROMSONO  2.102904e+06        0.056490  7.216030e+05        0.037890  5.958202e+06        0.130550  2.102904e+06        0.056490  7.216029e+05        0.037890  5.958201e+06        0.130550   2.102904e+06  7.216030e+05  5.958202e+06
    TRYSILNO  2.988029e+06        0.105539  6.559573e+05        0.036491  5.578669e+06        0.192854  2.988029e+06        0.105539  6.559572e+05        0.036491  5.578669e+06        0.192854   2.988029e+06  6.559573e+05  5.578669e+06
    TSUKUB32 -3.957409e+06        0.001899  3.310229e+06        0.001107  3.737495e+06        0.001315 -3.957409e+06        0.001899  3.310229e+06        0.001107  3.737495e+06        0.001315  -3.957409e+06  3.310229e+06  3.737495e+06
    TSUKUB32 -3.957409e+06        0.001875  3.310229e+06        0.001076  3.737495e+06        0.001272 -3.957409e+06        0.001876  3.310229e+06        0.001076  3.737495e+06        0.001272  -3.957409e+06  3.310229e+06  3.737495e+06
    TSUKUB32 -3.957409e+06        0.001864  3.310229e+06        0.001061  3.737495e+06        0.001248 -3.957409e+06        0.001864  3.310229e+06        0.001061  3.737495e+06        0.001248  -3.957409e+06  3.310229e+06  3.737495e+06
     TSUKUBA -3.957173e+06        0.005373  3.310238e+06        0.004447  3.737709e+06        0.004949 -3.957173e+06        0.005373  3.310238e+06        0.004447  3.737709e+06        0.004949  -3.957173e+06  3.310238e+06  3.737709e+06
    UCHINOUR -3.586229e+06        0.002874  4.114104e+06        0.002899  3.290225e+06        0.002734 -3.586229e+06        0.002874  4.114104e+06        0.002899  3.290225e+06        0.002734  -3.586229e+06  4.114104e+06  3.290225e+06
      URUMQI  2.283101e+05        0.001916  4.631923e+06        0.001037  4.367064e+06        0.001127  2.283102e+05        0.001916  4.631923e+06        0.001037  4.367064e+06        0.001127   2.283101e+05  4.631923e+06  4.367064e+06
      URUMQI  2.283102e+05        0.001922  4.631923e+06        0.001093  4.367064e+06        0.001170  2.283102e+05        0.001922  4.631923e+06        0.001093  4.367064e+06        0.001170   2.283102e+05  4.631923e+06  4.367064e+06
     USUDA64 -3.855356e+06        0.042357  3.427428e+06        0.040012  3.740971e+06        0.052577 -3.855356e+06        0.042357  3.427428e+06        0.040012  3.740971e+06        0.052577  -3.855356e+06  3.427428e+06  3.740971e+06
    VERAISGK -3.263995e+06        0.007794  4.808056e+06        0.010554  2.619949e+06        0.006323 -3.263995e+06        0.007794  4.808056e+06        0.010554  2.619949e+06        0.006323  -3.263995e+06  4.808056e+06  2.619949e+06
    VERAISGK -3.263995e+06        0.003674  4.808056e+06        0.004417  2.619949e+06        0.002764 -3.263995e+06        0.003674  4.808056e+06        0.004417  2.619949e+06        0.002764  -3.263995e+06  4.808056e+06  2.619949e+06
    VERAMZSW -3.857242e+06        0.002589  3.108785e+06        0.001899  4.003901e+06        0.002128 -3.857242e+06        0.002595  3.108785e+06        0.001903  4.003900e+06        0.002134  -3.857242e+06  3.108785e+06  4.003901e+06
    VERAMZSW -3.857244e+06        0.002114  3.108784e+06        0.001398  4.003900e+06        0.001633 -3.857244e+06        0.002114  3.108784e+06        0.001398  4.003899e+06        0.001633  -3.857244e+06  3.108784e+06  4.003900e+06
      VERNAL -1.631473e+06        0.060174 -4.589129e+06        0.053252  4.106760e+06        0.131367 -1.631474e+06        0.060174 -4.589129e+06        0.053252  4.106760e+06        0.131367  -1.631473e+06 -4.589129e+06  4.106760e+06
    VICTORIA -2.341310e+06        0.010507 -3.539084e+06        0.015669  4.745768e+06        0.020010 -2.341310e+06        0.010507 -3.539084e+06        0.015669  4.745768e+06        0.020010  -2.341310e+06 -3.539084e+06  4.745768e+06
    VNDNBERG -2.678095e+06        0.012418 -4.525450e+06        0.020672  3.597410e+06        0.016892 -2.678095e+06        0.012418 -4.525450e+06        0.020672  3.597411e+06        0.016892  -2.678095e+06 -4.525450e+06  3.597410e+06
     WARK12M -5.115324e+06        0.002257  4.778433e+05        0.001319 -3.767193e+06        0.001284 -5.115324e+06        0.002257  4.778433e+05        0.001319 -3.767193e+06        0.001284  -5.115324e+06  4.778433e+05 -3.767193e+06
    WESTFORD  1.492206e+06        0.001536 -4.458130e+06        0.000909  4.296016e+06        0.000887  1.492206e+06        0.001536 -4.458131e+06        0.000909  4.296016e+06        0.000887   1.492206e+06 -4.458130e+06  4.296016e+06
    WETTZ13N  4.075628e+06        0.001693  9.317744e+05        0.000933  4.801552e+06        0.000836  4.075628e+06        0.001693  9.317743e+05        0.000933  4.801552e+06        0.000836   4.075628e+06  9.317744e+05  4.801552e+06
    WETTZ13S  4.075659e+06        0.001696  9.318249e+05        0.000935  4.801516e+06        0.000854  4.075659e+06        0.001696  9.318248e+05        0.000935  4.801516e+06        0.000854   4.075659e+06  9.318249e+05  4.801516e+06
    WETTZELL  4.075540e+06        0.001690  9.317357e+05        0.000931  4.801630e+06        0.000827  4.075540e+06        0.001690  9.317355e+05        0.000931  4.801630e+06        0.000827   4.075540e+06  9.317357e+05  4.801630e+06
    WHTHORSE -2.215213e+06        0.251172 -2.209260e+06        0.034263  5.540290e+06        0.561171 -2.215213e+06        0.251172 -2.209260e+06        0.034263  5.540290e+06        0.561171  -2.215213e+06 -2.209260e+06  5.540290e+06
    WHTHORSE -2.215213e+06        0.227166 -2.209261e+06        0.012172  5.540290e+06        0.507888 -2.215213e+06        0.227166 -2.209261e+06        0.012172  5.540290e+06        0.507888  -2.215213e+06 -2.209261e+06  5.540290e+06
    YAKATAGA -2.529745e+06        0.118439 -1.942091e+06        0.096092  5.505029e+06        0.244703 -2.529745e+06        0.118439 -1.942091e+06        0.096092  5.505029e+06        0.244703  -2.529745e+06 -1.942091e+06  5.505029e+06
    YAKATAGA -2.529745e+06        0.107515 -1.942091e+06        0.087300  5.505029e+06        0.222081 -2.529745e+06        0.107515 -1.942091e+06        0.087300  5.505029e+06        0.222081  -2.529745e+06 -1.942091e+06  5.505029e+06
    YARRA12M -2.388896e+06        0.002432  5.043350e+06        0.001210 -3.078591e+06        0.001203 -2.388896e+06        0.002432  5.043350e+06        0.001210 -3.078591e+06        0.001203  -2.388896e+06  5.043350e+06 -3.078591e+06
       YEBES  4.848780e+06        0.002425 -2.617016e+05        0.001089  4.123036e+06        0.001799  4.848780e+06        0.002426 -2.617018e+05        0.001090  4.123036e+06        0.001799   4.848780e+06 -2.617016e+05  4.123036e+06
    YEBES40M  4.848762e+06        0.001672 -2.614840e+05        0.000964  4.123085e+06        0.000852  4.848762e+06        0.001672 -2.614842e+05        0.000964  4.123085e+06        0.000852   4.848762e+06 -2.614840e+05  4.123085e+06
    YELLOWKN -1.224125e+06        0.005579 -2.689531e+06        0.011169  5.633555e+06        0.022717 -1.224125e+06        0.005579 -2.689531e+06        0.011169  5.633555e+06        0.022717  -1.224125e+06 -2.689531e+06  5.633555e+06
    YLOW7296 -1.224400e+06        0.001921 -2.689273e+06        0.001993  5.633620e+06        0.003189 -1.224400e+06        0.001921 -2.689273e+06        0.001993  5.633620e+06        0.003189  -1.224400e+06 -2.689273e+06  5.633620e+06
        YUMA -2.196778e+06        0.061172 -4.887337e+06        0.033909  3.448425e+06        0.094049 -2.196778e+06        0.061172 -4.887337e+06        0.033909  3.448425e+06        0.094049  -2.196778e+06 -4.887337e+06  3.448425e+06
    ZELENCHK  3.451208e+06        0.001882  3.060376e+06        0.001019  4.391915e+06        0.001069  3.451208e+06        0.001882  3.060375e+06        0.001019  4.391915e+06        0.001069   3.451208e+06  3.060376e+06  4.391915e+06
    ZELENCHK  3.451208e+06        0.001817  3.060376e+06        0.000928  4.391915e+06        0.000855  3.451208e+06        0.001817  3.060375e+06        0.000928  4.391915e+06        0.000855   3.451208e+06  3.060376e+06  4.391915e+06

End Frame
    